25
23
27
10
26
39
13
20
15
52
23
72
64
62
39
49
56
24
25
14
54
19
53
39
31
92
96
97
68
63
46
80
39
67
47
42
97
86
90
46
35
12
40
83
24
88
68
27
19
17
57
40
20
42
79
95
63
46
89
75
58
11
78
43
59
99
19
80
48
85
65
51
88
59
18
28
53
66
22
83
24
88
68
99
64
17
21
49
47
96
52
86
54
19
44
12
49
47
69
61
14
63
82
44
12
31
74
24
16
23
18
55
89
21
67
29
42
79
23
99
19
89
30
67
74
33
70
86
27
55
35
39
13
38
69
79
23
63
64
89
21
94
83
60
79
14
18
46
80
75
13
20
87
70
50
54
82
71
12
31
29
42
52
23
90
64
71
84
67
92
24
97
23
27
73
53
12
13
29
96
25
41
18
28
26
75
40
92
87
88
68
81
91
62
66
58
11
60
16
95
90
64
71
75
49
38
24
61
23
54
46
35
93
94
92
60
43
32
54
10
44
21
13
65
51
52
95
81
55
80
30
58
29
15
61
50
36
82
62
30
49
83
15
70
50
90
73
53
93
67
29
42
70
86
45
19
53
30
13
47
15
61
68
90
10
62
21
49
29
87
25
77
36
37
53
57
94
56
78
52
14
36
82
35
30
40
38
78
34
50
99
64
80
30
67
56
60
52
86
36
46
98
48
58
11
33
25
23
99
37
71
75
22
65
69
16
32
18
10
80
12
40
47
78
25
23
54
64
44
30
94
20
42
43
68
99
10
26
39
94
83
51
61
77
72
91
26
21
31
38
96
70
32
36
55
35
57
76
56
69
70
32
90
55
53
57
40
47
60
43
41
36
82
53
93
85
92
60
70
77
54
55
44
75
40
83
69
61
32
36
37
98
84
76
11
60
97
77
63
28
26
21
76
65
42
70
23
45
28
98
57
49
38
87
70
41
63
10
35
93
76
29
15
88
41
18
73
89
30
49
11
78
25
95
72
19
80
48
58
83
96
52
23
54
28
89
30
85
47
51
70
77
27
82
17
84
49
74
33
79
77
90
91
44
84
22
74
33
61
14
45
46
53
48
76
29
51
97
50
72
19
44
39
40
29
60
97
14
54
10
17
57
76
65
60
43
68
99
10
53
84
94
29
51
25
23
90
19
44
39
76
20
15
34
50
27
10
71
84
13
11
33
61
59
72
82
53
30
85
92
15
97
32
54
37
53
48
13
83
42
43
50
36
55
71
48
58
56
96
70
23
18
28
98
12
22
92
96
88
32
90
37
35
30
94
11
15
70
68
54
91
53
84
67
65
33
34
32
81
73
53
84
40
74
51
34
86
81
73
35
21
85
20
60
88
59
36
82
71
66
22
83
60
79
23
36
10
71
21
94
83
33
97
59
72
10
26
75
49
83
60
34
68
36
91
98
30
40
83
51
79
50
27
55
17
57
58
83
78
34
86
18
73
44
66
22
65
60
70
68
99
55
80
39
85
20
60
88
86
90
82
26
57
76
29
78
88
32
63
46
53
39
58
92
15
52
95
99
37
62
48
40
20
42
70
68
18
55
53
75
94
65
60
34
50
72
73
98
39
31
56
69
34
23
81
91
17
93
31
56
42
61
68
27
10
62
66
76
65
87
16
86
99
10
53
30
76
74
78
61
77
90
73
71
66
22
83
33
25
23
90
10
17
84
76
65
15
70
14
90
91
62
66
67
29
24
97
41
90
28
17
93
58
56
51
16
95
72
10
53
75
49
38
87
79
68
27
10
71
93
40
56
33
97
50
36
28
71
48
13
29
60
79
41
18
55
35
12
49
20
69
79
23
27
82
44
84
58
29
60
25
77
81
10
17
57
22
47
15
79
14
63
10
17
30
31
65
24
43
14
63
82
35
75
67
83
69
16
59
72
37
80
93
49
74
60
70
59
90
28
44
84
40
47
78
16
86
90
73
98
39
40
74
24
34
59
81
55
53
30
40
65
69
97
41
45
64
80
48
40
11
24
43
41
63
91
80
12
22
74
60
25
32
45
37
53
75
67
74
78
43
23
72
73
80
66
76
92
78
79
77
36
10
53
48
49
29
42
52
32
27
19
62
30
67
56
60
25
32
36
10
98
84
31
83
24
97
86
54
55
53
21
13
83
24
70
95
81
64
26
21
13
65
51
25
50
90
19
89
66
22
11
87
43
23
81
10
44
66
31
11
51
34
14
54
28
89
12
40
47
15
70
23
90
64
98
66
22
38
60
61
23
81
19
80
48
85
47
87
88