839
297
431
602
195
854
976
314
756
330
853
805
132
969
324
612
251
228
213
843
436
640
570
443
977
527
317
714
748
931
363
959
549
381
947
365
505
297
889
304
718
467
768
770
577
657
391
799
640
251
720
811
163
243
746
223
784
597
162
434
794
355
503
422
614
821
994
427
352
774
310
992
848
753
685
855
993
502
678
961
475
445
386
380
208
644
124
853
311
789
160
378
534
926
448
309
173
307
137
355
120
889
200
426
378
224
551
376
132
202
526
751
787
302
271
529
953
216
829
429
497
918
757
759
173
538
105
708
553
401
483
202
233
459
941
961
932
825
203
403
182
219
859
896
870
955
792
180
531
993
228
290
584
516
890
597
324
542
475
575
608
702
469
995
990
998
529
510
226
698
916
974
874
628
176
914
974
839
408
134
878
333
914
197
731
879
205
991
369
678
705
761
720
651
666
812
605
736
547
721
331
569
907
117
386
793
441
415
677
930
372
775
778
239
394
946
462
483
277
459
673
138
627
743
763
590
918
339
765
828
195
270
885
961
815
642
737
675
459
251
349
572
879
762
691
815
828
524
220
141
523
330
780
675
594
664
503
705
262
748
661
615
790
424
314
398
921
727
182
748
125
228
587
585
582
876
381
513
357
820
715
628
982
911
398
955
742
601
833
611
114
753
835
563
199
788
340
721
572
141
494
778
347
652
248
157
512
337
224
306
709
750
545
636
107
492
459
244
253
726
905
908
508
120
801
226
943
529
573
868
312
895
990
552
754
292
374
689
894
484
308
329
163
265
539
621
245
510
423
857
634
407
831
320
999
658
116
774
129
345
319
317
898
618
820
782
594
547
514
476
323
934
761
130
179
274
646
920
277
880
973
226
470
171
784
192
656
158
913
745
173
658
944
387
437
982
117
896
862
950
932
926
759
315
686
385
242
921
176
931
522
163
259
880
671
315
586
890
197
989
370
951
616
392
237
398
522
339
157
183
538
393
152
751
407
439
701
690
315
442
834
264
696
307
680
133
457
167
201
168
838
603
536
466
986
573
750
779
668
756
989
818
759
400
930
304
590
165
725
134
515
808
416
698
156
268
135
155
303
378
475
445
122
863
143
724
553
479
391
528
360
246
203
665
236
954
274
431
513
230
961
815
373
448
582
621
517
345
942
601
469
305
183
873
837
683
991
439
380
426
197
819
685
372
872
640
410
744
159
266
207
217
183
235
473
625
641
921
336
791
259
987
100
628
125
853
300
520
664
849
940
624
893
659
735
772
176
619
460
681
415
908
940
359
309
541
324
369
406
895
836
338
484
282
252
158
997
851
663
177
714
718
164
515
938
900
799
868
530
830
658
546
929
189
881
636
600
509
406
398
372
946
674
697
491
340
943
340
118
277
240
508
112
428
629
336
443
558
396
692
668
626
161
379
420
853
334
204
193
864
693
668
638
541
273
425
301
507
263
914
598
670
957
646
328
920
733
622
848
494
159
230
465
282
937
316
698
985
838
502
470
184
908
128
588
830
926
894
342
886
500
980
611
382
902
535
249
583
824
738
585
138
607
808
369
754
645
996
193
636
261
183
648
715
920
890
934
797
291
155
386
297
945
877
687
305
462
766
603
568
665
348
313
196
837
599
335
894
657
948
671
762
244
183
799
348
592
866
115
860
499
305
942
284
755
798
184
764
198
780
357
947
908
808
550
271
976
426
401
478
902
268
682
359
798
941
791
395
997
231
193
749
208
692
304
616
425
538
651
857
760
665
893
876
722
909
275
912
221
494
845
863
683
947
639
799
228
190
448
761
993
118
626
727
418
207
533
347
807
154
833
426
683
584
929
476
654
400
287
501
599
715
885
564
968
246
851
186
445
566
290
104
896
567
732
202
790
724
904
851
574
534
760
542
553
286
534
341
177
636
752
332
178
788
551
821
794
513
212
801
425
524
221
506
928
774
417
510
623
792
939
331
145
698
933
726
638
331
145
969
878
658
624
431
923
286
284
690
697
264
215
427
217
561
757
102
240
562
919
739
985
882
729
535
789
825
768
256
727
290
316
303
897
378
516
300
265
533
360
723
588
482
776
288
861
265
817
284
258
464
464
106
541
104
610
780
365
292
149
134
287
957
336
116
819
336
240
547
677
433
644
189
163
776
807
876
376
856
263
628
434
495
737
570
295
551
425
488
609
779
412
382
514
825
841
526
888
635
693
842
754
969
998
178
375
685
508
560
638
845
138
939
700
644
822
127
646
830
100
417
750
217
825
538
241
513
379
982
763
944